10 0.01 90
575
561
528
554
578
575
544
531
511
528
524
520
514
539
540
564
555
555
571
542
546
532
535
531
530
573
573
570
550
528
527
552
537
531
538
536
510
531
535
520
535
552
554
544
530
543
536
529
527
551
564
544
542
505
531
552
554
533
540
541
545
578
576
550
553
563
552
544
547
559
556
562
553
520
549
585
581
537
535
567
571
561
545
517
530
538
539
556
529
550
555
563
544
549
573
547
550
523
521
545
524
544
516
524
561
555
562
580
569
534
526
540
539
503
523
508
542
566
527
526
550
558
581
540
530
519
530
531
527
536
556
561
535
578
559
523
527
544
529
552
559
542
574
553
555
544
585
583
584
590
576
573
542
555
594
555
552
568
560
545
551
552
546
538
555
576
557
553
556
555
552
544
542
541
543
554
557
535
569
536
566
555
536
553
584
551
512
525
555
552
555
573
553
536
567
574
541
589
575
535
556
565
574
548
577
580
588
562
561
568
576
574
566
580
566
572
562
541
553
569
595
549
564
589
576
566
598
562
561
563
563
571
547
559
557
570
583
578
564
567
577
576
568
562
572
582
560
564
553
575
567
576
585
576
580
571
570
603
623
615
595
580
598
569
553
542
578
594
592
582
598
606
599
609
579
563
589
603
608
610
581
612
601
609
585
572
579
583
595
603
584
611
595
612
630
605
574
585
564
569
610
617
631
603
602
589
593
626
637
605
590
588
606
604
611
623
619
605
600
587
618
643
629
572
612
614
581
612
644
636
610
598
618
631
625
611
621
599
607
635
629
607
630
623
643
641
660
620
617
588
663
673
640
624
624
592
636
629
620
625
640
632
621
625
626
627
622
645
656
683
681
663
671
648
669
650
654
664
641
674
685
674
700
702
704
692
705
699
723
701
702
701
737
769
776
776
776
776
776
776
776
776
776
776
776
776
776
776
776
776
776
776
776
776
776
776
776
776
776
776
776
776
776
776
776
776
776
776
776
776
776
776
776
776
776
776
776
776
776
776
776
776
776
776
776
776
776
776
776
776
776
776
776
776
776
776
776
776
776
776
784
772
779
753
740
748
745
722
717
743
690
708
743
731
733
748
711
735
724
727
707
723
704
716
689
676
701
701
691
691
689
644
673
682
697
680
693
666
661
706
734
748
702
688
701
696
721
727
675
625
623
656
709
723
701
689
687
694
695
716
718
661
684
679
706
704
704
699
714
708
685
695
720
712
695
672
712
736
729
753
739
744
746
730
714
728
712
697
716
697
703
717
689
688
705
673
718
695
718
732
737
699
683
691
713
701
715
705
723
724
713
682
697
713
711
698
693
700
739
714
696
675
677
705
711
704
729
727
742
707
698
719
700
696
702
692
693
723
735
704
718
757
730
747
755
713
693
692
717
724
698
715
715
723
723
719
723
749
755
757
713
716
692
709
723
730
730
752
704
690
710
723
721
736
721
738
716
712
707
710
727
681
714
753
757
737
714
748
702
710
730
744
710
718
765
776
751
713
716
732
722
725
738
774
724
727
725
728
714
752
734
708
764
783
757
777
761
727
744
746
774
776
758
755
747
779
789
797
787
763
773
745
761
779
774
792
790
772
762
781
767
779
792
802
796
818
853
839
774
803
805
826
793
842
860
814
828
881
887
896
866
902
894
876
898
878
855
835
861
867
846
831
836
847
784
774
787
824
809
835
838
816
822
823
807
820
780
758
805
850
845
819
820
793
819
816
817
823
816
819
854
844
808
818
843
818
831
864
838
831
829
872
860
858
848
899
920
886
875
873
885
919
931
941
937
936
974
989
944
902
951
973
960
975
949
961
915
979
955
934
925
926
901
914
891
932
928
912
914
920
921
912
922
966
956
961
981
981
989
951
963
999
1009
997
1027
1045
1046
1104
1136
1117
1077
1135
1142
1179
1177
1179
1239
1277
1237
1296
1319
1326
1389
1397
1375
1377
1435
1443
1430
1465
1492
1525
1596
1638
1690
1654
1664
1686
1756
1771
1757
1804
1821
1936
2002
2040
2190
2307
2454
2658
2855
2997
3225
3515
3876
4184
4508
4869
5364
5870
6432
7188
7957
8674
9748
10879
12077
13464
15156
17026
18843
20908
23212
25623
27894
29876
31342
32175
31963
30894
29445
27054
24512
21755
19459
17020
14656
12622
10898
9520
8456
7542
6699
6065
5681
5212
4783
4390
4172
3981
3721
3461
3304
3201
3073
2919
2791
2705
2548
2435
2438
2379
2243
2189
2088
2010
2008
1917
1822
1799
1745
1686
1633
1658
1625
1541
1475
1533
1485
1482
1463
1464
1402
1368
1376
1359
1367
1317
1294
1280
1246
1286
1233
1231
1178
1187
1210
1200
1191
1172
1176
1175
1175
1188
1151
1156
1156
1134
1120
1160
1124
1142
1108
1107
1129
1128
1068
1105
1084
1099
1079
1034
1066
1076
1111
1057
1051
1063
1077
1071
1049
1007
1053
1072
1023
978
1047
1068
1010
989
1026
1040
1046
1047
1000
1038
1055
1023
1011
1004
994
1000
999
1013
1006
1000
1012
956
978
1019
1021
1023
1042
1018
1010
1011
1032
978
984
982
952
990
995
979
982
992
996
965
944
981
966
924
937
955
993
1014
958
978
940
959
971
968
996
985
931
939
961
941
929
920
913
963
962
971
986
998
1011
1001
999
976
974
981
997
986
949
994
973
979
987
983
990
1027
1027
1027
1027
1027
1027
1027
1027
1027
1027
1027
1027
1027
1027
1027
1027
1027
1027
1027
1027
1027
1027
1027
1027
1027
1027
1027
1027
1027
1027
1027
1027
1027
1027
1027
1027
1027
1027
1027
1027
1027
1027
1027
1027
1027
1027
1027
1027
1027
1027
1027
1027
1027
1027
1027
1027
1027
1027
1027
1027
1027
1027
1027
1027
1027
1027
1027
1027
1027
1027
1027
1027
1027
1027
1027
1027
1027
1027
1027
1027
1027
1027
1027
1027
1027
1027
1027
1027
1027
1027
1027
1027
1027
1027
1027
1027
1027
1027
1027
1027
1027
1027
1027
1027
1027
1027
1027
1027
1027
1027
1027
1027
1027
1027
1027
1027
1027
1027
1027
1027
1027
1027
1027
1027
1027
1027
1027
999
1082
1046
1043
1062
1029
1002
987
1026
1010
1018
1016
997
964
980
984
963
942
948
922
978
963
932
907
943
933
943
907
930
912
910
887
883
903
917
929
918
891
922
949
936
911
913
897
918
950
927
929
929
904
918
924
906
926
935
933
930
945
957
977
1020
1041
1005
975
990
1000
1041
1025
973
997
1027
995
998
1003
985
955
999
1014
1032
1062
979
963
1008
1043
1006
985
1017
994
951
920
923
922
957
935
922
906
944
960
939
919
917
896
922
966
948
955
937
944
964
974
874
920
921
928
921
902
892
906
917
949
969
967
956
1006
961
930
976
949
964
951
953
943
969
966
1009
1029
987
977
1011
1011
980
980
950
953
963
939
913
957
977
947
975
955
976
915
910
925
916
921
921
887
881
902
917
919
918
898
910
888
903
890
857
853
904
861
872
843
911
932
888
875
872
862
876
898
832
827
853
877
871
869
885
868
822
805
850
863
845
862
842
844
851
828
829
866
835
817
841
861
834
834
816
812
810
812
839
841
838
825
816
827
823
821
854
834
837
829
835
800
835
840
821
809
852
811
799
808
805
836
787
813
820
826
796
813
812
814
838
836
778
798
852
843
820
814
818
853
856
815
837
833
856
846
806
809
835
838
829
812
806
795
835
838
851
861
866
827
855
800
803
881
854
850
848
824
845
853
827
846
854
858
840
835
825
822
841
878
830
803
840
818
808
812
796
792
839
819
800
799
847
842
812
805
822
808
789
809
775
778
810
807
786
803
777
820
778
770
765
772
824
790
759
764
793
819
769
758
782
802
789
777
798
790
804
864
778
819
839
810
774
801
822
820
803
784
807
804
813
810
841
817
773
757
808
831
804
778
823
778
760
771
808
798
804
821
775
766
781
804
796
799
785
835
788
781
758
760
795
769
771
764
816
801
772
796
810
821
804
823
809
772
765
791
763
749
785
810
840
791
791
806
793
787
804
812
830
820
765
779
808
801
797
801
786
783
780
791
783
818
785
779
837
809
813
812
780
791
790
759
791
807
822
820
854
852
819
795
817
843
826
829
842
842
828
794
806
813
797
818
839
787
783
804
815
818
816
811
828
814
872
852
832
821
849
869
864
834
822
883
869
862
892
876
881
918
921
950
970
961
907
937
961
948
944
947
926
929
926
911
921
902
898
878
858
866
869
862
829
840
854
841
819
849
850
857
841
812
792
826
846
843
829
794
833
849
857
846
845
838
875
880
867
827
846
861
895
895
872
886
872
882
910
869
861
880
864
893
916
930
895
927
940
913
911
905
919
927
944
956
938
929
899
897
885
883
902
934
933
907
936
933
933
922
954
889
957
940
927
942
939
934
963
970
963
952
929
971
989
1010
974
979
986
1030
1027
1010
1034
1050
997
1026
1020
1028
1010
1059
1061
1038
1041
1107
1149
1122
1156
1172
1182
1256
1271
1291
1309
1353
1414
1472
1543
1645
1733
1888
2017
2189
2387
2600
2767
3024
3235
3571
4012
4332
4755
5315
5927
6667
7522
7984
8724
9254
9612
9757
9808
9587
9240
8741
8444
8026
7588
7054
6406
5967
5549
4977
4552
4299
4019
3798
3746
3712
3746
3749
3725
3700
3690
3680
3500
3300
3100
3000
2900
2800
2700
2600
2500
2400
2300
2200
2100
2002
1900
1850
1800
1700
1650
1650
1600
1550
1500
1500
1490
1450
1417
1414
1370
1305
1275
1257
1271
1205
1197
1219
1181
1190
1148
1084
1054
1099
1077
1055
1081
1068
1062
1066
1041
1070
1049
1031
1000
1010
997
1026
1021
1019
996
1031
1017
992
977
1026
1058
1053
1061
1079
1073
1074
1068
1106
1116
1141
1133
1142
1146
1181
1198
1174
1236
1218
1255
1330
1313
1296
1401
1478
1496
1531
1558
1581
1525
1598
1648
1657
1713
1758
1711
1735
1778
1866
1967
2065
2147
2207
2353
2433
2659
2902
3137
3319
3524
3765
4048
4281
4550
4740
4776
4695
4745
4656
4492
4375
4122
3914
3832
3554
3286
3089
2950
2793
2610
2427
2279
2131
2069
1968
1901
1792
1830
1708
1674
1588
1576
1494
1457
1459
1457
1445
1407
1403
1394
1367
1358
1321
1302
1280
1299
1319
1292
1333
1365
1351
1326
1320
1310
1283
1352
1399
1449
1406
1408
1380
1378
1473
1470
1483
1493
1482
1459
1518
1453
1392
1436
1413
1362
1352
1329
1291
1274
1279
1223
1184
1157
1168
1174
1128
1134
1150
1148
1128
1100
1102
1143
1096
1050
1038
1102
1093
1086
1123
1134
1085
1102
1157
1143
1156
1164
1175
1194
1200
1218
1214
1270
1272
1283
1382
1401
1375
1354
1406
1479
1574
1577
1624
1725
1803
1948
1971
2046
2231
2381
2502
2598
2657
2734
2720
2768
2847
2788
2887
2961
3008
2916
2939
3057
3151
3132
3223
3373
3523
3584
3782
3967
4059
4201
4258
4257
4357
4387
4356
4285
4211
4158
3973
3791
3641
3507
3304
3249
3038
2821
2715
2577
2389
2294
2242
2120
1917
1890
1849
1806
1806
1747
1657
1611
1587
1571
1532
1442
1444
1451
1472
1454
1368
1410
1413
1377
1389
1346
1293
1231
1253
1244
1250
1184
1207
1194
1149
1152
1125
1083
1064
1096
1084
1083
1050
1051
1004
979
1012
1006
1030
1012
985
959
901
941
964
985
933
900
897
872
868
916
896
903
838
887
890
877
861
876
862
883
871
842
861
842
840
877
872
880
854
843
790
798
809
823
833
844
828
818
842
813
788
814
802
815
798
771
797
819
832
803
755
772
813
816
797
781
802
801
786
837
806
789
798
801
798
792
791
793
795
780
777
788
815
800
787
774
831
857
820
830
832
827
789
801
797
820
825
858
865
867
905
891
909
903
920
870
878
922
929
890
869
864
888
847
850
827
810
805
794
781
770
745
770
776
742
741
786
773
731
734
785
749
734
748
745
736
763
757
738
718
730
749
750
731
741
765
768
780
780
750
747
724
739
750
739
744
727
723
731
720
733
723
739
729
726
737
703
708
715
768
739
723
708
718
722
721
723
729
715
736
753
725
749
730
775
733
722
774
727
742
739
719
718
720
743
721
712
715
702
724
749
713
707
714
742
733
743
756
765
761
748
715
751
740
740
756
713
690
724
736
694
695
728
732
722
718
710
731
751
751
733
724
750
729
701
725
733
745
750
759
731
754
758
808
768
740
745
756
768
744
741
771
805
821
828
800
780
781
781
796
814
825
822
814
795
787
828
832
824
851
861
848
838
843
852
851
865
869
895
902
900
880
879
891
894
909
933
923
922
945
955
986
995
966
985
1019
1033
1031
1089
1026
1081
1088
1087
1117
1133
1147
1126
1086
1102
1090
1104
1121
1103
1075
1061
1049
1052
1011
998
1053
1012
964
994
1009
1011
1013
1032
1010
1000
980
990
974
981
996
1030
1077
1047
1099
1123
1085
1159
1177
1216
1271
1242
1257
1283
1286
1294
1341
1442
1480
1508
1521
1557
1577
1611
1587
1624
1679
1673
1672
1649
1662
1675
1624
1578
1556
1535
1521
1571
1553
1464
1368
1377
1331
1261
1235
1262
1233
1168
1196
1163
1176
1127
1103
1097
1052
1042
1064
1070
1044
1034
1029
1056
1059
1025
1050
1025
1046
1096
1130
1165
1154
1212
1219
1263
1297
1429
1447
1447
1447
1447
1447
1447
1447
1447
1447
1447
1447
1447
1447
1447
1447
1447
1447
1447
1447
1447
1447
1447
1447
1447
1447
1447
1447
1447
1447
1447
1447
1447
1447
1447
1447
1447
1447
1447
1447
1447
1447
1447
1447
1447
1447
1447
1447
1447
1447
1447
1447
1447
1447
1447
1447
1447
1447
1447
1447
1447
1447
1447
1447
1447
1447
1447
1447
1447
1447
1447
1447
1447
1447
1447
1447
1447
1447
1447
1447
1447
1447
1447
1447
1447
1447
1447
1447
1447
1447
1447
1447
1447
1447
1447
1447
1447
1447
1338
1252
1239
1194
1198
1134
1106
1056
1041
1004
1027
989
987
954
966
965
979
948
946
904
885
916
918
880
896
901
915
895
906
930
922
913
922
941
914
922
927
949
905
876
897
906
913
930
930
910
887
905
922
931
928
884
886
888
910
912
932
911
890
949
940
935
948
952
983
939
980
938
973
986
978
990
975
988
1015
1051
1051
1047
1063
1093
1105
1089
1105
1154
1136
1127
1196
1192
1208
1192
1248
1291
1258
1303
1368
1402
1470
1543
1566
1606
1729
1811
1909
2021
2268
2524
2676
2924
3286
3654
3828
4247
4617
5137
5728
6405
7259
8199
9181
10420
11805
13163
14137
15100
15591
15584
15365
14801
14106
13065
12432
12045
11755
11346
11018
10578
9762
8911
8059
7249
6412
5695
5171
4748
4402
4050
3777
3522
3422
3251
3084
2920
2852
2684
2529
2528
2460
2409
2291
2285
2182
2103
2061
1981
1880
1856
1866
1817
1764
1776
1754
1713
1694
1603
1611
1626
1599
1591
1594
1576
1510
1510
1554
1536
1503
1503
1483
1476
1489
1517
1478
1431
1434
1403
1373
1366
1428
1340
1339
1371
1335
1335
1329
1329
1281
1328
1313
1290
1279
1289
1233
1233
1275
1248
1234
1298
1305
1286
1312
1283
1249
1220
1236
1241
1302
1317
1277
1306
1318
1363
1400
1380
1362
1380
1393
1398
1393
1407
1396
1453
1400
1341
1380
1364
1400
1398
1325
1372
1354
1298
1269
1291
1303
1271
1217
1258
1242
1215
1143
1145
1182
1156
1093
1077
1110
1129
1094
1109
1104
1100
1052
1055
1065
1040
1007
1054
1047
1026
1005
1032
1039
1036
1064
1020
1017
999
1014
1022
1018
975
994
1020
1001
1006
999
953
966
1007
974
945
948
987
989
978
963
971
1009
948
983
979
979
982
978
963
939
949
1006
1021
975
970
1014
1012
994
1022
1041
1006
1000
1023
1032
1007
1001
1002
1018
1020
1041
1022
1007
1024
1014
1028
1042
1073
1084
1105
1086
1074
1078
1083
1072
1098
1103
1080
1075
1082
1095
1052
1095
1141
1135
1145
1144
1129
1144
1121
1157
1175
1205
1202
1142
1172
1204
1196
1205
1244
1239
1177
1148
1191
1251
1251
1247
1229
1218
1231
1205
1215
1244
1235
1284
1264
1319
1347
1358
1346
1370
1344
1339
1374
1398
1398
1368
1384
1437
1497
1513
1515
1548
1547
1542
1614
1605
1599
1625
1618
1636
1681
1722
1759
1772
1810
1846
1925
1891
1959
1989
1980
2069
2093
2107
2172
2179
2209
2307
2383
2413
2487
2520
2612
2640
2730
2774
2828
2964
3053
3079
3131
3347
3436
3523
3706
3775
3848
3972
4259
4323
4509
4730
4910
4976
5198
5444
5596
5898
6243
6463
6630
7001
7151
7315
7579
7676
7617
7740
7942
7944
7756
7773
7811
7695
7472
7287
7111
6783
6610
6506
6341
6119
5816
5602
5346
5113
4909
4811
4640
4393
4313
4067
3830
3757
3654
3507
3382
3237
3083
3014
2905
2879
2897
2753
2680
2587
2515
2474
2384
2322
2358
2271
2193
2181
2132
2050
2032
2015
1951
1966
1940
1848
1838
1833
1793
1736
1719
1685
1660
1647
1676
1655
1633
1650
1590
1600
1550
1559
1547
1467
1470
1467
1478
1447
1388
1428
1396
1397
1393
1350
1345
1354
1322
1294
1295
1293
1273
1276
1234
1234
1226
1208
1163
1171
1183
1191
1181
1182
1127
1089
1131
1179
1162
1150
1164
1090
1108
1124
1148
1125
1064
1076
1087
1107
1101
1076
1082
1088
1044
1015
1062
1036
1063
1068
1051
1092
1070
1046
1066
999
1008
1007
1021
1040
1015
987
963
998
1008
1028
1005
967
965
941
959
1000
956
921
936
981
948
930
994
966
915
932
921
955
939
899
928
920
946
942
965
919
921
946
939
961
984
964
932
938
947
1004
1009
1008
991
960
950
998
1029
1047
1042
1042
1042
1042
1042
1042
1042
1042
1042
1042
1042
1042
1042
1042
1042
1042
1042
1042
1042
1042
1042
1042
1042
1042
1042
1042
1042
1042
1042
1042
1042
1042
1042
1042
1042
1042
1042
1042
1042
1042
1042
1042
1042
1042
1042
971
883
885
906
868
900
823
852
852
870
845
804
848
858
816
811
849
880
890
849
834
831
855
858
845
831
799
825
851
821
867
889
841
836
825
835
845
838
833
845
852
874
869
897
886
866
857
895
932
901
911
907
921
942
929
955
942
935
940
976
1024
1000
1003
1011
979
983
991
980
985
984
983
973
998
991
962
966
973
958
968
977
978
937
904
911
867
839
887
882
893
852
845
831
822
847
850
844
850
846
850
829
818
803
799
812
825
860
813
817
834
841
788
778
796
819
815
816
776
779
809
767
767
811
805
791
782
762
785
828
815
804
795
796
821
792
800
829
818
792
816
826
833
827
802
827
772
763
806
797
815
796
790
788
812
803
783
771
821
810
801
766
767
769
780
794
779
766
746
744
769
788
746
748
738
769
723
726
695
694
730
737
707
694
719
727
719
685
697
663
672
684
731
689
693
682
687
690
687
692
682
643
664
665
665
695
706
691
674
680
675
687
659
669
663
686
694
670
649
653
669
663
676
676
686
656
684
690
685
688
678
662
643
607
643
621
655
673
650
690
709
636
649
662
662
658
669
654
656
673
648
647
659
658
646
646
589
611
648
652
644
640
619
645
659
656
662
671
653
626
632
650
683
681
672
659
637
658
652
648
646
643
628
641
653
617
626
639
662
690
700
687
639
645
664
637
661
692
669
646
631
633
676
657
655
643
671
665
632
644
654
641
634
658
661
646
669
665
672
659
699
725
696
698
699
690
702
719
753
786
784
776
785
797
801
815
867
907
926
934
926
939
962
997
1006
992
968
995
996
996
954
906
900
916
920
908
878
910
867
832
860
876
807
783
790
782
781
761
752
718
738
751
721
719
712
720
720
736
722
734
778
740
658
679
689
684
680
679
671
718
714
709
711
689
693
742
753
736
697
704
707
721
711
691
699
717
702
737
757
741
749
753
729
729
716
734
740
776
774
739
780
787
788
823
824
860
918
953
963
1025
1078
1136
1193
1286
1313
1362
1385
1395
1378
1276
1220
1216
1175
1135
1195
1170
1153
1134
1175
1144
1147
1084
1065
996
961
971
865
863
863
861
867
832
843
848
854
817
826
839
829
805
798
789
794
841
799
790
823
807
803
810
820
801
781
809
844
827
869
847
824
842
854
814
816
810
788
849
899
910
917
906
924
919
916
928
932
940
969
992
1007
1018
1015
1055
1053
1027
1034
1081
1113
1152
1129
1130
1129
1192
1236
1198
1209
1283
1274
1318
1287
1316
1268
1275
1241
1247
1270
1189
1188
1153
1183
1184
1144
1143
1105
1089
1053
1042
1024
983
1012
1012
985
966
952
929
957
928
929
896
898
878
861
858
862
834
821
806
792
790
790
785
776
767
771
756
766
733
723
731
755
757
706
696
709
695
721
744
748
707
692
709
734
733
681
651
688
711
713
696
668
644
663
703
695
681
670
697
709
680
670
678
670
646
625
648
667
654
650
607
634
658
666
673
676
682
667
641
647
652
673
670
646
640
687
685
655
651
642
642
645
644
671
689
652
693
703
679
703
668
673
697
658
674
702
718
728
721
717
758
746
737
724
716
727
739
748
742
754
746
746
725
716
715
728
738
724
688
722
709
709
738
694
713
698
693
710
715
676
694
679
676
676
680
677
686
673
674
649
663
670
679
644
659
651
661
644
651
644
644
642
655
667
670
671
637
659
626
606
625
642
668
655
661
638
659
671
675
647
647
634
634
637
638
665
693
665
652
646
674
671
714
685
664
650
665
666
722
742
746
760
752
768
795
839
851
906
943
951
930
933
933
910
874
872
865
842
845
806
813
821
791
792
803
774
801
820
803
773
732
704
709
684
703
725
691
659
696
695
713
694
644
686
691
697
738
735
724
721
757
786
776
787
818
848
828
833
843
797
868
869
867
871
823
790
761
760
781
785
771
733
737
741
749
757
766
711
707
699
707
691
676
650
677
647
660
671
676
677
686
666
656
662
675
664
634
602
672
674
697
708
721
671
679
693
676
734
709
720
709
723
718
695
701
719
718
739
755
774
767
798
791
760
806
777
808
813
866
916
927
897
896
932
988
1016
1012
1027
1028
1071
1105
1069
1131
1114
1130
1245
1234
1262
1319
1413
1498
1555
1622
1644
1763
1811
1913
1970
2022
2140
2217
2207
2182
2206
2243
2209
2155
2098
2061
2059
1957
1928
1929
1908
1863
1824
1746
1681
1663
1628
1581
1515
1393
1329
1328
1299
1220
1153
1189
1119
1060
1043
1038
1046
1031
983
974
950
906
871
902
900
876
868
896
867
897
870
863
863
847
852
809
832
839
840
813
790
778
806
852
855
833
831
873
860
801
808
806
897
862
870
886
806
818
807
812
833
851
826
816
815
791
804
820
794
800
828
811
783
773
765
754
774
778
751
780
767
737
721
718
721
720
685
705
718
736
729
696
665
651
697
678
680
699
657
671
666
661
671
661
637
611
622
640
634
647
643
636
618
648
631
638
615
630
650
659
666
661
594
585
598
613
606
621
618
636
628
604
615
580
635
631
630
614
603
604
597
601
595
616
608
636
664
622
597
609
637
650
654
641
634
626
616
584
623
657
632
616
635
637
634
614
614
628
632
625
649
648
610
636
619
603
602
583
604
625
622
607
609
617
644
653
633
650
629
642
633
643
630
620
629
618
613
647
656
644
659
614
620
646
648
624
614
654
641
626
645
632
625
649
677
629
620
626
637
637
603
610
621
637
675
656
619
630
646
636
666
674
677
658
632
645
635
649
627
629
626
606
619
666
679
687
642
634
651
660
643
664
618
605
640
648
635
650
649
636
635
666
665
673
666
647
620
634
653
684
701
626
636
656
657
658
665
668
655
694
685
669
667
650
694
690
709
688
703
696
674
686
673
677
687
685
678
682
710
719
708
692
700
742
707
721
748
700
714
711
716
738
764
710
723
760
775
759
761
761
748
736
738
736
791
802
772
808
829
795
828
831
837
803
813
771
810
804
844
884
886
919
901
879
884
899
906
924
948
965
1011
1064
1061
1021
1065
1093
1054
1052
1049
1083
1109
1134
1152
1132
1155
1199
1162
1166
1188
1168
1145
1127
1065
1101
1145
1083
1086
1052
1064
1055
1066
1082
1129
1071
1056
1066
1012
996
1037
1026
974
975
982
956
962
995
1008
1002
1013
1009
975
962
963
961
971
972
973
1009
982
1026
985
987
976
1000
1010
1011
973
994
991
1054
1020
1014
1041
1033
1032
1009
1033
1066
1034
1019
1079
1094
1073
1088
1099
1093
1083
1130
1149
1159
1155
1136
1183
1209
1257
1277
1309
1304
1311
1299
1323
1399
1442
1420
1516
1498
1546
1559
1571
1590
1637
1640
1724
1792
1779
1739
1764
1801
1791
1807
1781
1784
1789
1713
1763
1717
1697
1722
1685
1684
1645
1627
1547
1523
1527
1576
1507
1454
1461
1443
1429
1385
1349
1338
1326
1331
1271
1251
1284
1264
1199
1167
1186
1195
1186
1193
1188
1166
1154
1169
1192
1169
1174
1131
1141
1122
1130
1139
1124
1124
1112
1130
1124
1135
1167
1162
1144
1150
1109
1174
1228
1238
1209
1222
1253
1317
1347
1336
1359
1391
1411
1417
1424
1468
1489
1496
1527
1591
1634
1708
1842
2018
2161
2298
2537
2810
3097
3564
4128
4755
5483
6270
7294
8316
9366
10230
10750
10860
10800
10306
9653
8866
8255
7640
7195
6817
6726
6671
6893
7120
7398
7405
7527
7581
7349
6989
6514
6094
5573
5078
4678
4239
3882
3652
3409
3219
3072
2925
2806
2705
2612
2553
2451
2419
2355
2209
2202
2100
2091
2021
1975
1948
1924
1924
1924
1924
1924
1924
1924
1924
1924
1924
1924
1924
1924
1924
1924
1924
1924
1924
1924
1924
1924
1924
1924
1924
1924
1924
1924
1924
1924
1924
1924
1924
1924
1924
1924
1924
1924
1924
1924
1924
1924
1924
1924
1924
1924
1924
1924
1924
1924
1774
1699
1595
1512
1387
1320
1228
1216
1139
1109
1121
1087
1035
1057
1047
988
991
995
987
960
962
982
951
919
873
876
882
910
929
857
873
889
895
865
826
861
861
841
818
825
832
841
843
847
844
855
865
849
803
811
835
839
791
804
829
797
795
775
764
775
783
821
830
829
830
839
808
816
813
844
934
882
866
817
861
892
882
918
900
911
923
920
895
875
890
880
831
851
863
850
863
850
832
809
856
855
849
825
815
820
819
796
829
814
802
767
770
754
773
801
808
730
763
765
761
777
770
762
750
775
768
767
759
783
795
799
784
768
752
777
754
785
791
757
793
782
809
774
783
773
785
778
822
812
806
806
828
835
807
776
779
813
807
826
785
800
834
806
817
847
807
826
855
809
761
805
829
845
816
823
816
799
798
789
805
770
834
820
814
803
798
786
771
792
778
788
775
790
808
817
811
801
817
772
759
798
805
819
803
819
815
803
862
865
870
887
903
927
950
961
947
933
912
972
978
950
971
971
960
993
944
989
964
964
945
984
1016
1015
1059
1066
1047
1030
1069
1017
987
956
957
923
921
964
959
934
910
875
893
912
897
873
870
865
880
852
846
834
831
845
813
793
793
748
735
791
814
743
718
758
715
729
730
720
720
752
747
764
758
727
751
738
720
710
755
742
710
719
735
771
738
714
738
755
709
728
765
759
776
776
755
741
744
774
753
759
750
757
774
814
782
794
820
778
797
844
881
877
875
910
964
924
886
895
915
915
904
880
898
884
877
878
849
854
887
889
893
877
857
842
840
843
819
808
823
845
817
834
799
725
756
753
741
749
804
776
763
769
783
774
736
723
708
675
719
717
700
692
716
739
724
751
702
751
709
694
703
697
711
706
706
734
706
680
693
685
691
683
684
705
697
725
684
684
696
664
717
742
694
672
695
722
711
663
663
690
691
708
670
700
714
655
686
672
691
716
713
697
707
718
689
683
702
703
695
681
708
676
674
694
675
673
654
687
702
677
701
716
703
744
705
705
680
691
712
736
735
710
701
711
702
698
712
692
733
712
682
699
725
742
732
735
697
712
723
675
656
660
672
722
732
728
719
699
718
680
688
711
699
695
700
700
686
717
740
694
682
690
673
697
701
657
702
705
647
681
731
685
704
682
679
695
680
672
708
684
685
689
661
661
667
673
701
696
700
704
726
721
732
765
795
747
770
792
782
744
730
735
766
746
735
750
769
753
736
732
730
720
760
730
744
733
728
723
755
742
700
748
762
739
733
711
698
696
732
713
682
710
676
725
724
717
705
700
711
697
711
733
762
774
722
726
734
713
723
731
748
733
764
756
743
734
754
789
767
750
773
771
761
760
782
802
757
774
761
747
751
740
759
757
778
766
726
749
744
726
722
756
723
719
742
727
715
709
721
733
731
748
789
778
751
777
759
784
756
786
777
756
790
717
734
752
795
783
770
789
764
737
769
787
766
803
849
811
786
787
773
783
789
786
787
799
814
783
808
800
791
805
833
818
805
813
849
844
803
831
819
820
868
834
853
859
834
822
825
858
868
871
869
893
856
837
860
875
868
871
893
872
867
867
917
939
949
917
905
904
923
914
965
986
986
987
991
1015
1021
1039
1020
995
1058
1055
1070
1053
1095
1113
1107
1122
1163
1149
1138
1150
1169
1178
1165
1198
1254
1237
1257
1333
1320
1295
1305
1350
1431
1463
1447
1490
1509
1582
1568
1591
1627
1659
1680
1697
1752
1795
1823
1841
1855
1969
2026
2040
2082
2115
2136
2190
2233
2254
2331
2343
2435
2427
2476
2521
2543
2528
2554
2575
2543
2570
2565
2584
2571
2605
2515
2569
2495
2434
2419
2418
2357
2333
2357
2319
2283
2225
2223
2217
2157
2085
2062
1993
1940
1959
1921
1880
1829
1790
1701
1664
1708
1641
1624
1633
1587
1567
1553
1502
1483
1511
1470
1479
1466
1447
1390
1463
1409
1372
1417
1468
1448
1403
1396
1409
1443
1434
1418
1419
1433
1422
1384
1313
1260
1274
1251
1266
1231
1189
1191
1208
1203
1200
1210
1182
1226
1178
1162
1138
1120
1125
1075
1046
1052
1044
983
983
978
1003
975
960
955
958
962
971
947
934
927
912
963
947
923
875
846
873
918
861
879
923
854
844
855
903
857
857
850
832
811
837
850
837
842
852
833
819
828
821
804
809
848
813
829
865
831
808
831
854
859
808
801
829
797
803
817
806
820
814
826
841
850
852
817
844
859
830
805
772
806
851
825
818
813
850
835
822
847
849
830
831
857
863
805
808
831
848
852
871
891
892
874
863
877
921
948
933
933
945
962
940
971
985
931
934
939
935
952
980
1004
1033
1042
1015
988
1018
1007
977
985
1031
1037
1034
1049
1072
1025
1022
1091
1121
1085
1135
1141
1133
1156
1147
1208
1195
1175
1199
1214
1200
1219
1230
1214
1162
1179
1168
1167
1224
1189
1199
1234
1192
1144
1150
1184
1157
1152
1109
1122
1106
1131
1115
1073
1083
1052
1079
1063
1019
999
1016
981
993
967
997
974
963
980
947
916
906
890
902
896
879
885
879
851
815
778
803
865
843
830
815
825
832
809
797
802
821
779
759
788
766
763
765
784
761
750
751
747
721
749
714
727
742
779
746
744
739
742
704
731
721
720
719
728
692
695
709
712
703
695
662
673
704
684
700
715
702
683
697
687
684
681
682
691
702
681
660
698
683
658
643
653
685
694
681
692
653
657
674
663
646
662
673
670
647
657
665
617
637
652
672
658
637
657
668
677
661
649
668
646
652
609
633
636
628
662
678
656
637
618
646
664
639
622
610
655
655
613
645
624
644
638
646
644
622
647
672
650
634
620
615
615
617
620
649
640
646
617
618
634
642
666
644
639
668
684
660
615
620
624
620
650
647
626
628
607
633
681
655
644
675
686
675
678
648
656
662
665
635
624
614
639
630
631
642
667
654
687
680
690
672
637
656
619
644
647
648
690
697
642
660
666
642
647
660
650
655
637
640
674
628
622
631
647
633
645
664
648
631
642
658
692
633
610
639
672
645
636
622
675
619
598
607
611
608
597
599
618
639
628
617
628
618
577
602
631
640
627
583
578
613
603
608
606
603
624
609
631
621
638
623
581
610
607
617
621
610
605
606
602
598
608
628
621
616
618
593
609
610
608
605
604
607
607
599
616
618
598
625
617
597
588
640
636
627
598
605
629
581
632
567
626
667
666
647
621
590
585
618
619
595
614
642
625
616
651
671
630
599
605
630
623
595
635
622
623
613
606
617
601
609
627
604
619
602
614
629
635
632
621
649
661
626
655
649
638
621
619
621
633
633
615
626
648
653
642
620
639
654
639
640
653
659
632
631
654
644
646
641
668
651
659
670
646
640
654
654
658
633
635
654
684
681
676
662
649
687
685
643
661
657
655
675
685
655
649
676
642
628
668
624
666
655
662
642
615
633
645
648
640
630
650
642
668
645
628
616
634
646
633
665
662
633
625
638
609
647
657
662
653
641
646
639
635
639
627
629
623
625
650
626
653
647
644
656
647
666
644
615
643
656
672
643
628
651
665
682
661
681
683
652
674
706
695
667
692
659
651
628
649
681
700
660
688
687
642
651
687
665
670
672
688
676
691
668
671
688
692
652
643
660
685
665
679
695
661
659
657
711
727
685
647
654
702
660
648
683
663
641
659
664
688
681
667
668
696
687
670
698
704
693
671
658
677
687
685
711
703
717
721
688
679
715
683
665
668
683
700
698
707
697
684
698
704
700
688
686
649
694
722
752
698
679
683
723
669
684
688
686
670
704
714
673
695
695
715
718
666
687
663
696
694
704
690
681
720
694
732
698
706
708
703
695
716
716
727
696
726
748
737
721
750
762
752
737
738
711
711
729
728
706
717
728
724
739
723
737
734
735
753
711
722
767
715
734
736
754
754
711
736
767
742
733
750
742
755
750
703
733
742
742
716
736
737
721
758
719
730
736
734
730
681
713
731
736
731
697
726
753
726
698
751
765
770
747
752
692
705
704
697
736
735
705
718
741
731
734
742
745
766
751
738
746
742
727
717
743
744
755
749
757
772
733
718
742
735
712
701
726
765
781
777
770
777
757
774
734
735
765
738
727
780
784
771
788
807
789
775
789
774
778
821
841
812
816
830
807
838
822
806
836
807
815
810
841
854
878
891
863
877
914
892
911
907
887
890
913
895
911
964
970
986
934
950
938
982
995
1014
1039
1046
992
996
1035
1066
1086
1103
1105
1101
1143
1168
1201
1185
1191
1177
1237
1254
1271
1300
1311
1391
1407
1381
1407
1525
1496
1488
1578
1600
1687
1698
1733
1862
1873
1860
1876
1909
1969
2018
1986
1995
2040
2001
2029
2044
2016
1955
1990
2032
2056
2015
1973
1887
1907
1843
1824
1918
1900
1855
1852
1837
1795
1810
1765
1699
1713
1690
1660
1655
1639
1568
1548
1517
1535
1508
1455
1453
1387
1405
1365
1292
1280
1300
1268
1243
1227
1183
1166
1184
1162
1132
1091
1114
1047
1043
1080
1054
998
991
995
1001
986
979
959
953
953
911
937
939
902
940
914
857
859
894
880
855
841
866
910
844
825
815
793
838
840
812
805
782
782
821
787
763
764
795
772
785
781
778
763
781
795
766
763
775
776
763
761
796
780
777
764
723
717
760
768
746
721
743
714
692
711
751
695
729
731
746
711
714
715
736
732
708
667
674
705
715
729
712
735
734
745
757
705
700
727
750
725
724
715
704
692
694
715
733
702
717
708
706
724
735
691
711
695
681
702
699
665
682
725
727
712
718
703
699
650
655
721
698
672
681
681
687
700
732
732
718
709
675
681
671
702
720
749
748
706
711
714
716
730
746
771
749
710
708
677
710
728
765
746
748
731
701
760
763
736
746
747
731
721
740
751
761
734
727
741
736
752
772
749
767
758
749
746
741
721
730
736
752
745
765
754
748
735
731
755
764
739
758
785
773
735
731
721
730
765
742
737
734
756
747
744
746
757
697
719
746
725
679
678
718
705
705
679
689
685
704
685
697
679
690
719
710
675
693
708
681
681
714
692
704
653
672
696
703
690
717
678
698
687
665
658
687
710
710
684
685
666
686
678
691
689
646
688
681
647
669
676
637
672
674
680
688
678
698
659
669
684
653
672
671
688
668
705
661
650
672
668
671
651
705
726
734
707
692
712
738
711
724
724
692
696
697
707
731
720
682
714
715
704
714
768
754
715
707
725
725
730
744
734
736
716
759
733
724
754
749
763
766
766
747
779
777
797
783
803
787
790
773
807
860
847
892
966
979
1080
1176
1176
1230
1217
1311
1315
1362
1370
1341
1317
1277
1233
1156
1178
1136
1074
1041
1030
1028
990
989
1008
1020
1062
1046
1081
1067
1148
1170
1184
1169
1132
1146
1166
1148
1114
1084
1065
1044
1025
996
971
1002
974
947
965
948
907
927
901
902
918
879
873
881
906
933
929
924
896
903
904
946
951
935
887
900
915
883
897
896
885
878
912
944
947
927
915
928
935
893
910
926
916
912
905
946
958
979
958
967
960
946
923
956
994
994
954
944
987
1027
1035
992
1000
988
1016
990
1069
1059
1038
1046
991
1011
1078
1073
1101
1113
1107
1148
1140
1151
1130
1156
1148
1182
1215
1228
1238
1240
1206
1251
1237
1274
1323
1321
1320
1334
1339
1355
1332
1318
1320
1317
1341
1339
1417
1406
1342
1401
1342
1302
1365
1389
1350
1348
1358
1358
1373
1319
1314
1319
1288
1274
1317
1277
1311
1295
1272
1297
1235
1255
1267
1215
1216
1182
1216
1256
1224
1184
1156
1201
1181
1157
1114
1091
1096
1082
1046
1055
1049
1000
1065
1064
1024
1018
1049
1032
1003
989
980
984
961
974
950
917
959
975
959
955
915
893
935
932
935
957
898
862
878
918
884
880
890
844
832
852
834
831
833
843
843
854
860
843
779
767
776
829
815
821
825
829
782
785
788
767
793
813
807
788
812
824
795
818
808
802
796
794
789
815
836
817
752
770
779
784
779
768
786
795
780
807
814
785
739
742
736
792
743
724
739
772
746
724
742
754
756
746
745
729
736
764
768
750
736
709
719
698
704
694
716
735
700
701
675
717
740
700
702
697
712
718
697
700
745
698
715
688
715
752
728
723
704
728
761
769
755
740
729
753
746
731
742
762
782
757
746
708
709
710
725
719
714
726
717
702
712
706
696
674
659
689
673
659
682
681
704
708
707
701
681
700
687
653
676
693
701
687
710
682
687
691
650
682
678
671
716
710
704
668
679
700
665
628
656
653
671
672
707
681
653
682
690
666
660
671
657
686
686
678
657
661
671
645
669
672
670
669
717
715
700
696
691
693
703
709
691
713
692
714
725
702
697
730
728
768
789
769
779
788
743
756
783
787
747
730
761
776
766
752
739
748
743
748
757
803
790
791
784
756
746
799
757
762
781
794
807
791
779
750
753
752
760
756
738
743
756
757
708
775
747
769
734
739
740
742
743
745
723
717
737
744
757
749
762
751
729
715
760
722
748
717
713
740
750
749
737
763
776
755
769
777
777
786
758
768
799
795
781
766
764
759
783
759
766
750
749
761
758
766
775
772
737
732
746
762
770
755
756
767
782
797
764
785
759
753
720
745
758
757
771
749
739
730
737
730
747
760
711
712
746
726
737
777
767
744
682
700
725
749
723
720
706
688
689
708
730
694
691
690
718
673
730
704
721
683
677
691
723
695
672
685
701
693
696
698
690
693
696
711
671
668
654
699
711
734
722
704
704
686
691
702
720
718
733
733
721
708
712
696
686
714
688
722
708
694
696
710
717
659
652
694
694
686
697
682
670
676
702
699
699
680
653
689
678
706
708
698
680
703
710
670
660
657
675
662
671
680
682
692
688
661
698
693
645
724
700
713
678
672
695
699
715
703
696
716
689
700
700
668
702
717
732
700
679
639
678
717
725
729
717
706
718
706
740
699
667
676
690
715
700
709
738
711
721
738
732
710
737
718
743
709
736
717
742
771
731
724
722
752
779
801
771
769
811
790
788
803
814
766
766
771
771
775
822
828
813
868
837
833
869
867
877
855
835
830
854
875
870
887
900
845
847
927
937
909
922
916
910
907
919
897
940
942
946
938
960
989
1003
969
957
957
1024
1054
1063
1014
998
1052
1076
1039
1034
1062
1081
1057
1072
1058
1046
1055
994
971
1005
1008
1036
1018
971
968
932
1000